
r = 1.05;
l0 = 1.0;
z0 = 1.5;
maxValAt = [191,0,30];
domRange = [[131,-48,0];[251,48,61]];

